7004808128490
3838449959428
2655635855905
3952023783655
8616956678452
1170018644723
3593985219839
4248150215359
6793511333831
5669334064108
5811199040654
7648754866779
9313199005753
2668829803341
9876321652850
9188420651425
5507532435970
5313471024776
8493467181598
6688195216700
3476426826701
2035787072887
4470483484549
4299715399637
3225959362150
4721815662989
2312959456162
9870718823054
9158778182317
3171301518877
6168184037175
6189848219635
6450289926946
3906832875547
1947803321480
4839817221082
8372880970976
7804575767076
2152855605335
8014127261914
1660107467575
6506749829184
1287729776742
5736866817538
5492860537555
8500141793256
5182297720800
6114065273687
1157081909062
5775980183223
8693727426025
6270271762824
1528267371111
1534608214444
5983372055524
9773544161353
9685423606034
3181590500461
3093386221821
9704388048969
9724904035448
1376926942077
2763130327920
2109391203264
2842518138388
5826693662023
4310381376510
4482660097200
4711083564134
4387750061945
4443712879094
3089316372066
6919476837302
1965984768707
8958610349579
3980461243088
8996574592275
3587078294650
6567756907796
5465071004404
6702414953228
4993576017870
1047578075182
9159071367773
5110412542810
1095642444883
9497251646303
4908888623807
6691629542005
